twist angles (degrees)
1.1313047760196342
0.9375652875461061
1.1230165887134562
1.0253631053723793
1.0862754302321536
1.0453835241347875
1.0698190590657557
1.0646769778888245
1.1823835388817927
1.0109789564909384
0.9820123728192348
0.9338103945613219
0.9437238389114322
1.0082621762016784
1.008344208525294
0.9940851763414714
1.0786876818558977
1.157799515111454
1.1738453583776625
1.0333792509587658
1.1856279165376882
1.1762079128046263
1.0718821311760938
1.1216526533715996
1.0986102230197612
1.1307475643486748
1.0746816212191075
0.9716121038170219
1.0745308718122106
0.9420748566201526
1.1683480520960732
1.0305843285747265
1.044834044203816
0.9813001558230245
0.9976274319614702
0.936594312979518
0.9855948140948979
1.0929609537105236
0.9764291660809474
1.0440342892379249
1.0116164148434532
0.9982443047448298
0.9394598133316606
0.9324887615960761
0.9882651543660868
1.031064339262381
1.0670572362502364
1.0993165624078227
1.0487031194184255
1.0474846054141798
1.0881447340923858
1.03652823861081
1.1189836429176663
1.1318066359102057
1.1365397953564962
1.1926031162968893
1.019123448483481
1.2186992322786026
1.118294901192654
1.0478455693225193
0.9936580880563702
1.0153207440869754
1.0076205889199947
1.0443026628812557
1.0299030375901572
1.0377888760946725
1.040636715857321
1.0530174407181576
1.028447895119171
1.0325742770637196
1.1102884646985969
1.0558330640196723
1.0412169125327575
1.0529539219383517
1.0197228403336613
1.0655222780741715
1.0161269575676577
1.0341955815750452
1.0280114395128657
1.0201957136642597
1.075142958727558
1.0678623320370206
1.0907423934229892
1.2153796226739235
1.0392871780276682
1.1259923593927659
1.1964638474446012
1.1016777876940915
1.0351730480497925
1.057345196910319
1.1146010241602586
1.1765955218672326
1.027459975999506
1.1201778118717314
1.1103239380956973
1.1487884775323758
1.0731331201132652
1.0127281505673713
