percent heterostrain obtained
0.6034175665196618
0.2391628551267223
0.13802813812603698
0.20158647483835904
0.23930003463685945
0.2349709291694123
0.3793074543764098
0.2792795398598709
0.4146560936794181
0.463702737516122
0.4041285690850984
0.43170220695993006
0.2037258230598276
0.29499729716045936
0.3057696723371569
0.34807646784227236
0.22473031011053923
0.13322724595012497
0.0827270776081615
0.40729073076458666
0.20166307040859277
0.14528492064052703
0.35338438769710095
0.3094456074072933
0.3751219003972446
0.1570240000283334
0.27549323003380305
0.2923128688013093
0.11714813432903146
0.3169010699362348
0.2009285969156486
0.13071776469689508
0.1425429343029077
0.31577570022340967
0.21246040330759816
0.09983135845508216
0.19166075731115945
0.375956637069814
0.08322830710314515
0.5015228145962234
0.24168601379713778
0.3831566355082116
0.1677418503551855
0.2074051620157338
0.4056853566526078
0.5641459233418317
0.08787989041348412
0.38424732064076944
0.10980886698438805
0.5730996781125808
0.5393078478590883
0.17211505822790374
0.4181236256435361
0.5859972313177995
0.203225276332381
0.5803753882615127
0.40401148772513895
0.3656214288199115
0.26102317543493736
0.18070198514562247
0.19626133245973948
0.10906886594508221
0.3943175778645559
0.5013741762655917
0.09188401297765827
0.1754851563350493
0.26985095812184573
0.4192541335756665
0.556334278595469
0.26292971930881165
0.15448145866580645
0.46982621047714207
0.36231864630380367
0.33021693349265074
0.16479360533637316
0.2801647232774906
0.0863913792173884
0.11889939709615754
0.419794827944566
0.22615975021707402
0.49287160714965617
0.20863845368015002
0.3042329868793118
0.20773385710746708
0.45924895737225424
0.628729124798606
0.48010602205449054
0.26136347702716134
0.4802789107596844
0.21484000364079622
0.030850627496368587
0.36868551001000244
0.42489888573020346
0.24910514615720095
0.24734930775521044
0.46122410314799545
0.4829565438827275
0.29845730191517716
